Time,Contact Page,About Page,Frequently Asked Question Page,Branch Page,Service Page,Flow Page,Log In Page,Application By Website,Application By Mobile Application,
6/3/2025 13:00,1429,1636,668,1,1434,1592,195,35,12,1274
6/3/2025 14:00,230,1462,441,1913,899,1424,1586,59,1137,285
6/3/2025 15:00,1888,1980,699,496,1910,737,736,748,514,956
6/3/2025 16:00,1962,1929,1524,1626,1522,1713,1869,1039,1619,1762
6/3/2025 17:00,1635,504,14,1292,777,11,1352,1760,121,1484
6/3/2025 18:00,1766,815,1431,826,1938,909,116,806,1893,1337
6/3/2025 19:00,614,271,843,688,1658,505,5,729,1774,1930
6/3/2025 20:00,860,805,1012,1638,1090,99,107,865,757,1196
6/3/2025 21:00,70,603,578,575,254,1865,1483,957,1931,878
